{"cells":[{"cell_type":"markdown","metadata":{"id":"6yO_shLIo1yk"},"source":["\n","# Parte 1 | Se crea la iteracion SOR, y los enunciados de la primera parte\n"]},{"cell_type":"markdown","metadata":{"id":"oyezYAyCmdkk"},"source":["## Creación de la matriz de temperaturas"]},{"cell_type":"code","execution_count":1,"metadata":{"colab":{"base_uri":"https://localhost:8080/"},"executionInfo":{"elapsed":18,"status":"ok","timestamp":1696594746280,"user":{"displayName":"Lucas Gabriel Torres","userId":"16085414555698667044"},"user_tz":180},"id":"RgGakUakvZsd","outputId":"616838d7-0c93-43fe-c706-e76881903857"},"outputs":[{"output_type":"stream","name":"stdout","text":["Se creó una matriz con 3x3 nodos (N-1)x(N-1)\n","La matriz final tiene dimensión 5x5\n"]},{"output_type":"execute_result","data":{"text/plain":["array([[ 0.,  1.,  1.,  1.,  0.],\n","       [12.,  3.,  3.,  3., 10.],\n","       [12.,  3.,  3.,  3., 10.],\n","       [12.,  3.,  3.,  3., 10.],\n","       [ 0.,  5.,  5.,  5.,  0.]])"]},"metadata":{},"execution_count":1}],"source":["import numpy as np\n","import matplotlib.pyplot as plt\n","import matplotlib as mpl\n","\n","def crear_matriz_temperaturas(N, semilla=0, valores_bordes=[1,1,1,1]):\n","\n","  # armamos una matriz N+1xN+1 llena de ceros.\n","  # Se le puede pasar una semilla a cada nodo, por defecto en 0.\n","  # Los valores bordes, establecidos por el TP, por defecto serán [1,1,1,1] donde corresponde [NORTE, SUR, ESTE, OESTE]\n","\n","  matriz = np.zeros((N+1,N+1)) # Matriz principal, llena de 0\n","\n","  if( semilla ): # Se establece una semilla por parámetro\n","    for i in range(1,N):\n","      for j in range(1, N):\n","        matriz[i, j] = semilla\n","\n","  # Ponemos en los bordes algún valor, defecto [1,1,1,1]\n","  matriz[0, 1:-1] = valores_bordes[0] # Primera fila, desde la primera columna hasta la anteúltima\n","  matriz[-1, 1:-1] = valores_bordes[1] # Última fila, desde la primera columna hasta la anteúltima\n","  matriz[1:-1, -1] = valores_bordes[2] # Última columna: desde la primera fila hasta la anteúltima\n","  matriz[1:-1, 0] = valores_bordes[3] # Primera columna: desde la primera fila hasta la anteúltima\n","\n","  # La matriz generada queda del estilo =>\n","\n","  '''\n","  0 1 1 1 0\n","  1 | | | 1\n","  1 | | | 1\n","  1 | | | 1\n","  0 1 1 1 0\n","  '''\n","\n","  print(f\"Se creó una matriz con {len(matriz[:, 0]) - 2}x{len(matriz[0, :]) - 2} nodos (N-1)x(N-1)\")\n","  print(f\"La matriz final tiene dimensión {len(matriz[:, 0])}x{len(matriz[0, :])}\")\n","\n","  return matriz\n","\n","crear_matriz_temperaturas(4, semilla=3, valores_bordes=[1,5,10,12])"]},{"cell_type":"markdown","metadata":{"id":"gdfwLu2gminB"},"source":["## Creación de Solucion SOR para una matriz con posibilidad de iterar distintos omegas"]},{"cell_type":"code","execution_count":2,"metadata":{"colab":{"base_uri":"https://localhost:8080/"},"executionInfo":{"elapsed":17,"status":"ok","timestamp":1696594746281,"user":{"displayName":"Lucas Gabriel Torres","userId":"16085414555698667044"},"user_tz":180},"id":"1vkcForiq2-O","outputId":"ca37aa77-7790-4c9e-bc2c-d3f783926cf2"},"outputs":[{"output_type":"stream","name":"stdout","text":["Se creó una matriz con 3x3 nodos (N-1)x(N-1)\n","La matriz final tiene dimensión 5x5\n","Se logró la convergencia luego de 6 iteraciones. | última tolerancia : 0.0021399474930372253 | Δ = 0.007860052506962775\n","w = 1.17157287525381\n","[[0.         1.         1.         1.         0.        ]\n"," [1.         0.99808214 0.99886598 0.99964982 1.        ]\n"," [1.         0.99886598 0.99932514 0.9997843  1.        ]\n"," [1.         0.99964982 0.9997843  0.99991879 1.        ]\n"," [0.         1.         1.         1.         0.        ]]\n"]},{"output_type":"execute_result","data":{"text/plain":["array([[0.99808214, 0.99886598, 0.99964982],\n","       [0.99886598, 0.99932514, 0.9997843 ],\n","       [0.99964982, 0.9997843 , 0.99991879]])"]},"metadata":{},"execution_count":2}],"source":["def calcular_tolerancia(T_sig, T_ant): # Dada 2 matrices calculamos las normas\n","  numerador = np.linalg.norm(T_sig[1:-1, 1:-1]- T_ant[1:-1, 1:-1]) # solo los valores de los nodos\n","  denominador = np.linalg.norm(T_sig[1:-1, 1:-1])\n","\n","  return numerador / denominador\n","\n","def mostrar_matriz(m): # Por si queremos mostrar la matriz\n","  for i in m:\n","    print('\\t'.join(map(str, i)))\n","\n","def generar_lista_w():\n","  return np.linspace(1., 1.95, 20)\n","\n","def generar_w_formula(i):\n","  return [2 / ( 1+ np.sin( np.pi / (i - 1) ) )]\n","\n","\n","def crear_solucion_sor(T, tolerancia, generar_w_teorico=True, **w_personalizado_y_output_datos):\n","  # Dada una matriz T, tolerancia, resuelve por medio de TSOR la matriz proporcionada.\n","\n","  #Si no se envia ninguna informacion en generar_w_teorico, se calcula respecto al pedido de cátedra\n","  #Si no se genera un arreglo de 1 a 1.95 saltando de a 0.05\n","\n","  total_nodos = len(T[0, :]) # Necesitamos saber la cantidad de nodos, matriz cuadrada por lo tanto no importa cual fila agarremos\n","\n","  if( generar_w_teorico ): #Si se pasa una lista de w, hay que utilizarla\n","    w_a_iterar = generar_w_formula(total_nodos)\n","  else:\n","    w_a_iterar = generar_lista_w() #Generamos los i iterables\n","\n","  lambda_mas_grande = 0\n","  for w in w_a_iterar:\n","    T_iterativa = T.copy() # copia de la ultima T para cada w\n","    n_iteracion = 0\n","    ultima_tolerancia = 1\n","    while True:\n","        T_anterior = T_iterativa.copy()  # copia de la última T\n","\n","        for i in range(1, total_nodos - 1):\n","            for j in range(1, total_nodos - 1):\n","                # https://drive.google.com/file/d/1xz66KwFax61omaQwcZxJjawLqvfwy21M\n","                T_iterativa[i, j] = ( (w / 4) * (T_iterativa[i - 1, j] + T_iterativa[i + 1, j] + T_iterativa[i, j - 1] + T_iterativa[i, j + 1]) ) + ( (1 - w) * T_iterativa[i, j] )\n","\n","        tolerancia_calculada = calcular_tolerancia(T_iterativa, T_anterior)\n","        if( tolerancia_calculada < tolerancia ):\n","            print(f\"Se logró la convergencia luego de {n_iteracion + 1} iteraciones. | última tolerancia : {tolerancia_calculada} | Δ = {np.abs(tolerancia_calculada - tolerancia)}\")\n","            print(f\"w = {w}\")\n","\n","            if( 'informacion' in w_personalizado_y_output_datos.keys() ): # se quiere guardar informacion\n","              w_personalizado_y_output_datos['informacion'][w] = [ n_iteracion + 1, tolerancia_calculada ] # guardo [ iteraciones, tolerancia calculada ] auque finalmente no lo uso.\n","\n","            print(T_iterativa)\n","            break\n","\n","        ultima_tolerancia = tolerancia_calculada\n","        n_iteracion += 1\n","\n","    if( lambda_mas_grande < (tolerancia_calculada / ultima_tolerancia) ):\n","      lambda_mas_grande = tolerancia_calculada / ultima_tolerancia\n","\n","\n","  if ( generar_w_teorico ): # Si se decidió solucionar con un solo w, devolvemos la matriz solución\n","    return T_iterativa[1:-1, 1:-1]\n","  else:\n","    print(f\"λ mas grande encontrado en las iteraciones = {lambda_mas_grande}\")\n","\n","crear_solucion_sor(crear_matriz_temperaturas(4), 0.01)"]},{"cell_type":"code","execution_count":3,"metadata":{"colab":{"base_uri":"https://localhost:8080/"},"executionInfo":{"elapsed":16,"status":"ok","timestamp":1696594746281,"user":{"displayName":"Lucas Gabriel Torres","userId":"16085414555698667044"},"user_tz":180},"id":"zK-YNx760aDT","outputId":"8eebeaa6-a219-40ca-b05a-a6e7cb3fc04b"},"outputs":[{"output_type":"stream","name":"stdout","text":["Se creó una matriz con 3x3 nodos (N-1)x(N-1)\n","La matriz final tiene dimensión 5x5\n","Se logró la convergencia luego de 6 iteraciones. | última tolerancia : 0.0021399474930372253 | Δ = 0.007860052506962775\n","w = 1.17157287525381\n","[[0.         1.         1.         1.         0.        ]\n"," [1.         0.99808214 0.99886598 0.99964982 1.        ]\n"," [1.         0.99886598 0.99932514 0.9997843  1.        ]\n"," [1.         0.99964982 0.9997843  0.99991879 1.        ]\n"," [0.         1.         1.         1.         0.        ]]\n"]},{"output_type":"execute_result","data":{"text/plain":["array([[0.99808214, 0.99886598, 0.99964982],\n","       [0.99886598, 0.99932514, 0.9997843 ],\n","       [0.99964982, 0.9997843 , 0.99991879]])"]},"metadata":{},"execution_count":3}],"source":["crear_solucion_sor(crear_matriz_temperaturas(4), 0.01)"]},{"cell_type":"code","execution_count":4,"metadata":{"colab":{"base_uri":"https://localhost:8080/"},"executionInfo":{"elapsed":14,"status":"ok","timestamp":1696594746281,"user":{"displayName":"Lucas Gabriel Torres","userId":"16085414555698667044"},"user_tz":180},"id":"rC_KYRjCxQBx","outputId":"ec071201-5631-4d27-e140-9c6423563812"},"outputs":[{"output_type":"stream","name":"stdout","text":["Se creó una matriz con 3x3 nodos (N-1)x(N-1)\n","La matriz final tiene dimensión 5x5\n","Se logró la convergencia luego de 8 iteraciones. | última tolerancia : 0.005519231850580564 | Δ = 0.0044807681494194364\n","w = 1.0\n","[[0.         1.         1.         1.         0.        ]\n"," [1.         0.99267709 0.99267611 0.99633789 1.        ]\n"," [1.         0.99267611 0.99267578 0.99633785 1.        ]\n"," [1.         0.99633789 0.99633785 0.99816892 1.        ]\n"," [0.         1.         1.         1.         0.        ]]\n","Se logró la convergencia luego de 7 iteraciones. | última tolerancia : 0.007052994937660359 | Δ = 0.002947005062339641\n","w = 1.05\n","[[0.         1.         1.         1.         0.        ]\n"," [1.         0.99190377 0.99235645 0.99639194 1.        ]\n"," [1.         0.99235645 0.99278389 0.99659372 1.        ]\n"," [1.         0.99639194 0.99659372 0.9983921  1.        ]\n"," [0.         1.         1.         1.         0.        ]]\n","Se logró la convergencia luego de 6 iteraciones. | última tolerancia : 0.009926467042285761 | Δ = 7.353295771423893e-05\n","w = 1.1\n","[[0.         1.         1.         1.         0.        ]\n"," [1.         0.99043885 0.99166934 0.99637412 1.        ]\n"," [1.         0.99166934 0.99274924 0.99684668 1.        ]\n"," [1.         0.99637412 0.99684668 0.99862767 1.        ]\n"," [0.         1.         1.         1.         0.        ]]\n","Se logró la convergencia luego de 6 iteraciones. | última tolerancia : 0.004354621262334463 | Δ = 0.0056453787376655375\n","w = 1.15\n","[[0.         1.         1.         1.         0.        ]\n"," [1.         0.99639666 0.99733811 0.99900993 1.        ]\n"," [1.         0.99733811 0.99803125 0.99926428 1.        ]\n"," [1.         0.99900993 0.99926428 0.99971794 1.        ]\n"," [0.         1.         1.         1.         0.        ]]\n","Se logró la convergencia luego de 6 iteraciones. | última tolerancia : 0.0011349133284721908 | Δ = 0.00886508667152781\n","w = 1.2\n","[[0.         1.         1.         1.         0.        ]\n"," [1.         0.99943147 1.00009117 1.00009194 1.        ]\n"," [1.         1.00009117 1.00024788 1.00008064 1.        ]\n"," [1.         1.00009194 1.00008064 0.99999921 1.        ]\n"," [0.         1.         1.         1.         0.        ]]\n","Se logró la convergencia luego de 6 iteraciones. | última tolerancia : 0.005692682743705237 | Δ = 0.004307317256294763\n","w = 1.25\n","[[0.         1.         1.         1.         0.        ]\n"," [1.         0.99922252 1.00027879 0.99992929 1.        ]\n"," [1.         1.00027879 1.00010271 0.99979668 1.        ]\n"," [1.         0.99992929 0.99979668 0.9998097  1.        ]\n"," [0.         1.         1.         1.         0.        ]]\n","Se logró la convergencia luego de 7 iteraciones. | última tolerancia : 0.0019458261564988084 | Δ = 0.008054173843501192\n","w = 1.3\n","[[0.         1.         1.         1.         0.        ]\n"," [1.         1.00033864 0.99970727 0.99990783 1.        ]\n"," [1.         0.99970727 0.99959697 0.99998944 1.        ]\n"," [1.         0.99990783 0.99998944 1.00014568 1.        ]\n"," [0.         1.         1.         1.         0.        ]]\n","Se logró la convergencia luego de 7 iteraciones. | última tolerancia : 0.005523220049807951 | Δ = 0.004476779950192049\n","w = 1.35\n","[[0.         1.         1.         1.         0.        ]\n"," [1.         1.00107375 0.99984664 1.00029447 1.        ]\n"," [1.         0.99984664 0.99994554 1.00053683 1.        ]\n"," [1.         1.00029447 1.00053683 1.00057476 1.        ]\n"," [0.         1.         1.         1.         0.        ]]\n","Se logró la convergencia luego de 8 iteraciones. | última tolerancia : 0.0020307885618140956 | Δ = 0.007969211438185905\n","w = 1.4\n","[[0.         1.         1.         1.         0.        ]\n"," [1.         0.99934966 1.00037631 1.00015344 1.        ]\n"," [1.         1.00037631 1.00096224 1.00011224 1.        ]\n"," [1.         1.00015344 1.00011224 0.99952299 1.        ]\n"," [0.         1.         1.         1.         0.        ]]\n","Se logró la convergencia luego de 8 iteraciones. | última tolerancia : 0.005706728118859917 | Δ = 0.004293271881140083\n","w = 1.45\n","[[0.         1.         1.         1.         0.        ]\n"," [1.         0.99883807 1.00080658 0.9998735  1.        ]\n"," [1.         1.00080658 1.00142851 0.99944718 1.        ]\n"," [1.         0.9998735  0.99944718 0.9984438  1.        ]\n"," [0.         1.         1.         1.         0.        ]]\n","Se logró la convergencia luego de 9 iteraciones. | última tolerancia : 0.0027663496430651653 | Δ = 0.007233650356934835\n","w = 1.5\n","[[0.         1.         1.         1.         0.        ]\n"," [1.         1.00192131 1.00020653 0.99980508 1.        ]\n"," [1.         1.00020653 0.99765704 0.99889682 1.        ]\n"," [1.         0.99980508 0.99889682 1.00116192 1.        ]\n"," [0.         1.         1.         1.         0.        ]]\n","Se logró la convergencia luego de 9 iteraciones. | última tolerancia : 0.006573860381760488 | Δ = 0.0034261396182395125\n","w = 1.5499999999999998\n","[[0.         1.         1.         1.         0.        ]\n"," [1.         1.0030802  0.99920727 0.99952792 1.        ]\n"," [1.         0.99920727 0.99445047 0.99847691 1.        ]\n"," [1.         0.99952792 0.99847691 1.00360143 1.        ]\n"," [0.         1.         1.         1.         0.        ]]\n","Se logró la convergencia luego de 10 iteraciones. | última tolerancia : 0.0072310900970779055 | Δ = 0.0027689099029220947\n","w = 1.6\n","[[0.         1.         1.         1.         0.        ]\n"," [1.         0.99483288 0.99513023 0.99790522 1.        ]\n"," [1.         0.99513023 1.00185706 1.00425154 1.        ]\n"," [1.         0.99790522 1.00425154 0.99769796 1.        ]\n"," [0.         1.         1.         1.         0.        ]]\n","Se logró la convergencia luego de 12 iteraciones. | última tolerancia : 0.00783722779846313 | Δ = 0.002162772201536871\n","w = 1.65\n","[[0.         1.         1.         1.         0.        ]\n"," [1.         1.00567069 1.00484891 0.99559972 1.        ]\n"," [1.         1.00484891 0.99688745 0.99920056 1.        ]\n"," [1.         0.99559972 0.99920056 0.99752238 1.        ]\n"," [0.         1.         1.         1.         0.        ]]\n","Se logró la convergencia luego de 15 iteraciones. | última tolerancia : 0.008152163440319467 | Δ = 0.001847836559680533\n","w = 1.7\n","[[0.         1.         1.         1.         0.        ]\n"," [1.         1.01071462 1.00396524 1.0044594  1.        ]\n"," [1.         1.00396524 1.00417123 1.00176797 1.        ]\n"," [1.         1.0044594  1.00176797 0.999229   1.        ]\n"," [0.         1.         1.         1.         0.        ]]\n","Se logró la convergencia luego de 18 iteraciones. | última tolerancia : 0.006689410542080772 | Δ = 0.0033105894579192278\n","w = 1.75\n","[[0.         1.         1.         1.         0.        ]\n"," [1.         0.99377896 0.99699485 0.9993693  1.        ]\n"," [1.         0.99699485 1.00437631 1.00249464 1.        ]\n"," [1.         0.9993693  1.00249464 0.99602332 1.        ]\n"," [0.         1.         1.         1.         0.        ]]\n","Se logró la convergencia luego de 23 iteraciones. | última tolerancia : 0.007203553586902233 | Δ = 0.002796446413097767\n","w = 1.7999999999999998\n","[[0.         1.         1.         1.         0.        ]\n"," [1.         1.00944666 1.00219275 1.00459971 1.        ]\n"," [1.         1.00219275 1.00329646 0.99906691 1.        ]\n"," [1.         1.00459971 0.99906691 0.9968964  1.        ]\n"," [0.         1.         1.         1.         0.        ]]\n","Se logró la convergencia luego de 30 iteraciones. | última tolerancia : 0.00969839263451827 | Δ = 0.00030160736548173056\n","w = 1.85\n","[[0.         1.         1.         1.         0.        ]\n"," [1.         0.99888902 1.00620644 0.9997463  1.        ]\n"," [1.         1.00620644 1.00712337 1.00840167 1.        ]\n"," [1.         0.9997463  1.00840167 1.00082719 1.        ]\n"," [0.         1.         1.         1.         0.        ]]\n","Se logró la convergencia luego de 46 iteraciones. | última tolerancia : 0.007958316408537657 | Δ = 0.0020416835914623434\n","w = 1.9\n","[[0.         1.         1.         1.         0.        ]\n"," [1.         1.00074097 1.00303549 0.99989104 1.        ]\n"," [1.         1.00303549 1.00763725 1.00729017 1.        ]\n"," [1.         0.99989104 1.00729017 0.99493837 1.        ]\n"," [0.         1.         1.         1.         0.        ]]\n","Se logró la convergencia luego de 91 iteraciones. | última tolerancia : 0.00995697032894683 | Δ = 4.302967105316961e-05\n","w = 1.95\n","[[0.         1.         1.         1.         0.        ]\n"," [1.         1.00413837 1.00088281 1.00528024 1.        ]\n"," [1.         1.00088281 1.00116654 0.99122866 1.        ]\n"," [1.         1.00528024 0.99122866 0.99635855 1.        ]\n"," [0.         1.         1.         1.         0.        ]]\n","λ mas grande encontrado en las iteraciones = 0.9637617887505243\n"]},{"output_type":"execute_result","data":{"text/plain":["{1.0: [8, 0.005519231850580564],\n"," 1.05: [7, 0.007052994937660359],\n"," 1.1: [6, 0.009926467042285761],\n"," 1.15: [6, 0.004354621262334463],\n"," 1.2: [6, 0.0011349133284721908],\n"," 1.25: [6, 0.005692682743705237],\n"," 1.3: [7, 0.0019458261564988084],\n"," 1.35: [7, 0.005523220049807951],\n"," 1.4: [8, 0.0020307885618140956],\n"," 1.45: [8, 0.005706728118859917],\n"," 1.5: [9, 0.0027663496430651653],\n"," 1.5499999999999998: [9, 0.006573860381760488],\n"," 1.6: [10, 0.0072310900970779055],\n"," 1.65: [12, 0.00783722779846313],\n"," 1.7: [15, 0.008152163440319467],\n"," 1.75: [18, 0.006689410542080772],\n"," 1.7999999999999998: [23, 0.007203553586902233],\n"," 1.85: [30, 0.00969839263451827],\n"," 1.9: [46, 0.007958316408537657],\n"," 1.95: [91, 0.00995697032894683]}"]},"metadata":{},"execution_count":4}],"source":["informacion_a_graficar = {}\n","\n","sol = crear_solucion_sor(crear_matriz_temperaturas(4), 0.01, generar_w_teorico=False, informacion=informacion_a_graficar)\n","informacion_a_graficar"]},{"cell_type":"markdown","metadata":{"id":"umOTyvZmUG7t"},"source":["## Solucion sencilla N = 4 R = 0.01"]},{"cell_type":"code","execution_count":5,"metadata":{"colab":{"base_uri":"https://localhost:8080/"},"executionInfo":{"elapsed":12,"status":"ok","timestamp":1696594746281,"user":{"displayName":"Lucas Gabriel Torres","userId":"16085414555698667044"},"user_tz":180},"id":"ow3D5k8i59Qy","outputId":"20ec4011-d0f0-4d35-baab-751f98a7cf0a"},"outputs":[{"output_type":"stream","name":"stdout","text":["Se creó una matriz con 3x3 nodos (N-1)x(N-1)\n","La matriz final tiene dimensión 5x5\n","Se logró la convergencia luego de 6 iteraciones. | última tolerancia : 0.0021399474930372253 | Δ = 0.007860052506962775\n","w = 1.17157287525381\n","[[0.         1.         1.         1.         0.        ]\n"," [1.         0.99808214 0.99886598 0.99964982 1.        ]\n"," [1.         0.99886598 0.99932514 0.9997843  1.        ]\n"," [1.         0.99964982 0.9997843  0.99991879 1.        ]\n"," [0.         1.         1.         1.         0.        ]]\n"]},{"output_type":"execute_result","data":{"text/plain":["array([[0.99808214, 0.99886598, 0.99964982],\n","       [0.99886598, 0.99932514, 0.9997843 ],\n","       [0.99964982, 0.9997843 , 0.99991879]])"]},"metadata":{},"execution_count":5}],"source":["crear_solucion_sor(crear_matriz_temperaturas(4), 0.01)"]},{"cell_type":"markdown","metadata":{"id":"1_fsMtQqnBKd"},"source":["## Punto C) Se crea una solucion para una matriz N = 4 , R = 0.01 simple como modo de prueba\n"]},{"cell_type":"code","execution_count":6,"metadata":{"colab":{"base_uri":"https://localhost:8080/"},"executionInfo":{"elapsed":8,"status":"ok","timestamp":1696594746281,"user":{"displayName":"Lucas Gabriel Torres","userId":"16085414555698667044"},"user_tz":180},"id":"8HsnSfPksQMU","outputId":"07b4f5fc-a1e7-41f4-d554-857efde1aac5"},"outputs":[{"output_type":"stream","name":"stdout","text":["Se creó una matriz con 3x3 nodos (N-1)x(N-1)\n","La matriz final tiene dimensión 5x5\n","Se logró la convergencia luego de 8 iteraciones. | última tolerancia : 0.005519231850580564 | Δ = 0.0044807681494194364\n","w = 1.0\n","[[0.         1.         1.         1.         0.        ]\n"," [1.         0.99267709 0.99267611 0.99633789 1.        ]\n"," [1.         0.99267611 0.99267578 0.99633785 1.        ]\n"," [1.         0.99633789 0.99633785 0.99816892 1.        ]\n"," [0.         1.         1.         1.         0.        ]]\n","Se logró la convergencia luego de 7 iteraciones. | última tolerancia : 0.007052994937660359 | Δ = 0.002947005062339641\n","w = 1.05\n","[[0.         1.         1.         1.         0.        ]\n"," [1.         0.99190377 0.99235645 0.99639194 1.        ]\n"," [1.         0.99235645 0.99278389 0.99659372 1.        ]\n"," [1.         0.99639194 0.99659372 0.9983921  1.        ]\n"," [0.         1.         1.         1.         0.        ]]\n","Se logró la convergencia luego de 6 iteraciones. | última tolerancia : 0.009926467042285761 | Δ = 7.353295771423893e-05\n","w = 1.1\n","[[0.         1.         1.         1.         0.        ]\n"," [1.         0.99043885 0.99166934 0.99637412 1.        ]\n"," [1.         0.99166934 0.99274924 0.99684668 1.        ]\n"," [1.         0.99637412 0.99684668 0.99862767 1.        ]\n"," [0.         1.         1.         1.         0.        ]]\n","Se logró la convergencia luego de 6 iteraciones. | última tolerancia : 0.004354621262334463 | Δ = 0.0056453787376655375\n","w = 1.15\n","[[0.         1.         1.         1.         0.        ]\n"," [1.         0.99639666 0.99733811 0.99900993 1.        ]\n"," [1.         0.99733811 0.99803125 0.99926428 1.        ]\n"," [1.         0.99900993 0.99926428 0.99971794 1.        ]\n"," [0.         1.         1.         1.         0.        ]]\n","Se logró la convergencia luego de 6 iteraciones. | última tolerancia : 0.0011349133284721908 | Δ = 0.00886508667152781\n","w = 1.2\n","[[0.         1.         1.         1.         0.        ]\n"," [1.         0.99943147 1.00009117 1.00009194 1.        ]\n"," [1.         1.00009117 1.00024788 1.00008064 1.        ]\n"," [1.         1.00009194 1.00008064 0.99999921 1.        ]\n"," [0.         1.         1.         1.         0.        ]]\n","Se logró la convergencia luego de 6 iteraciones. | última tolerancia : 0.005692682743705237 | Δ = 0.004307317256294763\n","w = 1.25\n","[[0.         1.         1.         1.         0.        ]\n"," [1.         0.99922252 1.00027879 0.99992929 1.        ]\n"," [1.         1.00027879 1.00010271 0.99979668 1.        ]\n"," [1.         0.99992929 0.99979668 0.9998097  1.        ]\n"," [0.         1.         1.         1.         0.        ]]\n","Se logró la convergencia luego de 7 iteraciones. | última tolerancia : 0.0019458261564988084 | Δ = 0.008054173843501192\n","w = 1.3\n","[[0.         1.         1.         1.         0.        ]\n"," [1.         1.00033864 0.99970727 0.99990783 1.        ]\n"," [1.         0.99970727 0.99959697 0.99998944 1.        ]\n"," [1.         0.99990783 0.99998944 1.00014568 1.        ]\n"," [0.         1.         1.         1.         0.        ]]\n","Se logró la convergencia luego de 7 iteraciones. | última tolerancia : 0.005523220049807951 | Δ = 0.004476779950192049\n","w = 1.35\n","[[0.         1.         1.         1.         0.        ]\n"," [1.         1.00107375 0.99984664 1.00029447 1.        ]\n"," [1.         0.99984664 0.99994554 1.00053683 1.        ]\n"," [1.         1.00029447 1.00053683 1.00057476 1.        ]\n"," [0.         1.         1.         1.         0.        ]]\n","Se logró la convergencia luego de 8 iteraciones. | última tolerancia : 0.0020307885618140956 | Δ = 0.007969211438185905\n","w = 1.4\n","[[0.         1.         1.         1.         0.        ]\n"," [1.         0.99934966 1.00037631 1.00015344 1.        ]\n"," [1.         1.00037631 1.00096224 1.00011224 1.        ]\n"," [1.         1.00015344 1.00011224 0.99952299 1.        ]\n"," [0.         1.         1.         1.         0.        ]]\n","Se logró la convergencia luego de 8 iteraciones. | última tolerancia : 0.005706728118859917 | Δ = 0.004293271881140083\n","w = 1.45\n","[[0.         1.         1.         1.         0.        ]\n"," [1.         0.99883807 1.00080658 0.9998735  1.        ]\n"," [1.         1.00080658 1.00142851 0.99944718 1.        ]\n"," [1.         0.9998735  0.99944718 0.9984438  1.        ]\n"," [0.         1.         1.         1.         0.        ]]\n","Se logró la convergencia luego de 9 iteraciones. | última tolerancia : 0.0027663496430651653 | Δ = 0.007233650356934835\n","w = 1.5\n","[[0.         1.         1.         1.         0.        ]\n"," [1.         1.00192131 1.00020653 0.99980508 1.        ]\n"," [1.         1.00020653 0.99765704 0.99889682 1.        ]\n"," [1.         0.99980508 0.99889682 1.00116192 1.        ]\n"," [0.         1.         1.         1.         0.        ]]\n","Se logró la convergencia luego de 9 iteraciones. | última tolerancia : 0.006573860381760488 | Δ = 0.0034261396182395125\n","w = 1.5499999999999998\n","[[0.         1.         1.         1.         0.        ]\n"," [1.         1.0030802  0.99920727 0.99952792 1.        ]\n"," [1.         0.99920727 0.99445047 0.99847691 1.        ]\n"," [1.         0.99952792 0.99847691 1.00360143 1.        ]\n"," [0.         1.         1.         1.         0.        ]]\n","Se logró la convergencia luego de 10 iteraciones. | última tolerancia : 0.0072310900970779055 | Δ = 0.0027689099029220947\n","w = 1.6\n","[[0.         1.         1.         1.         0.        ]\n"," [1.         0.99483288 0.99513023 0.99790522 1.        ]\n"," [1.         0.99513023 1.00185706 1.00425154 1.        ]\n"," [1.         0.99790522 1.00425154 0.99769796 1.        ]\n"," [0.         1.         1.         1.         0.        ]]\n","Se logró la convergencia luego de 12 iteraciones. | última tolerancia : 0.00783722779846313 | Δ = 0.002162772201536871\n","w = 1.65\n","[[0.         1.         1.         1.         0.        ]\n"," [1.         1.00567069 1.00484891 0.99559972 1.        ]\n"," [1.         1.00484891 0.99688745 0.99920056 1.        ]\n"," [1.         0.99559972 0.99920056 0.99752238 1.        ]\n"," [0.         1.         1.         1.         0.        ]]\n","Se logró la convergencia luego de 15 iteraciones. | última tolerancia : 0.008152163440319467 | Δ = 0.001847836559680533\n","w = 1.7\n","[[0.         1.         1.         1.         0.        ]\n"," [1.         1.01071462 1.00396524 1.0044594  1.        ]\n"," [1.         1.00396524 1.00417123 1.00176797 1.        ]\n"," [1.         1.0044594  1.00176797 0.999229   1.        ]\n"," [0.         1.         1.         1.         0.        ]]\n","Se logró la convergencia luego de 18 iteraciones. | última tolerancia : 0.006689410542080772 | Δ = 0.0033105894579192278\n","w = 1.75\n","[[0.         1.         1.         1.         0.        ]\n"," [1.         0.99377896 0.99699485 0.9993693  1.        ]\n"," [1.         0.99699485 1.00437631 1.00249464 1.        ]\n"," [1.         0.9993693  1.00249464 0.99602332 1.        ]\n"," [0.         1.         1.         1.         0.        ]]\n","Se logró la convergencia luego de 23 iteraciones. | última tolerancia : 0.007203553586902233 | Δ = 0.002796446413097767\n","w = 1.7999999999999998\n","[[0.         1.         1.         1.         0.        ]\n"," [1.         1.00944666 1.00219275 1.00459971 1.        ]\n"," [1.         1.00219275 1.00329646 0.99906691 1.        ]\n"," [1.         1.00459971 0.99906691 0.9968964  1.        ]\n"," [0.         1.         1.         1.         0.        ]]\n","Se logró la convergencia luego de 30 iteraciones. | última tolerancia : 0.00969839263451827 | Δ = 0.00030160736548173056\n","w = 1.85\n","[[0.         1.         1.         1.         0.        ]\n"," [1.         0.99888902 1.00620644 0.9997463  1.        ]\n"," [1.         1.00620644 1.00712337 1.00840167 1.        ]\n"," [1.         0.9997463  1.00840167 1.00082719 1.        ]\n"," [0.         1.         1.         1.         0.        ]]\n","Se logró la convergencia luego de 46 iteraciones. | última tolerancia : 0.007958316408537657 | Δ = 0.0020416835914623434\n","w = 1.9\n","[[0.         1.         1.         1.         0.        ]\n"," [1.         1.00074097 1.00303549 0.99989104 1.        ]\n"," [1.         1.00303549 1.00763725 1.00729017 1.        ]\n"," [1.         0.99989104 1.00729017 0.99493837 1.        ]\n"," [0.         1.         1.         1.         0.        ]]\n","Se logró la convergencia luego de 91 iteraciones. | última tolerancia : 0.00995697032894683 | Δ = 4.302967105316961e-05\n","w = 1.95\n","[[0.         1.         1.         1.         0.        ]\n"," [1.         1.00413837 1.00088281 1.00528024 1.        ]\n"," [1.         1.00088281 1.00116654 0.99122866 1.        ]\n"," [1.         1.00528024 0.99122866 0.99635855 1.        ]\n"," [0.         1.         1.         1.         0.        ]]\n","λ mas grande encontrado en las iteraciones = 0.9637617887505243\n","w = 1.00 | iteraciones necesarias = 8\n","w = 1.05 | iteraciones necesarias = 7\n","w = 1.10 | iteraciones necesarias = 6\n","w = 1.15 | iteraciones necesarias = 6\n","w = 1.20 | iteraciones necesarias = 6\n","w = 1.25 | iteraciones necesarias = 6\n","w = 1.30 | iteraciones necesarias = 7\n","w = 1.35 | iteraciones necesarias = 7\n","w = 1.40 | iteraciones necesarias = 8\n","w = 1.45 | iteraciones necesarias = 8\n","w = 1.50 | iteraciones necesarias = 9\n","w = 1.55 | iteraciones necesarias = 9\n","w = 1.60 | iteraciones necesarias = 10\n","w = 1.65 | iteraciones necesarias = 12\n","w = 1.70 | iteraciones necesarias = 15\n","w = 1.75 | iteraciones necesarias = 18\n","w = 1.80 | iteraciones necesarias = 23\n","w = 1.85 | iteraciones necesarias = 30\n","w = 1.90 | iteraciones necesarias = 46\n","w = 1.95 | iteraciones necesarias = 91\n"]}],"source":["informacion_a_graficar = {}\n","\n","sol = crear_solucion_sor(crear_matriz_temperaturas(4), 0.01, generar_w_teorico=False, informacion=informacion_a_graficar)\n","\n","valores_w, arreglo_iteraciones_y_tolerancia = zip(*informacion_a_graficar.items())\n","\n","for i in range(len(valores_w)):\n","  print(f\"w = {valores_w[i]:0.2f} | iteraciones necesarias = {arreglo_iteraciones_y_tolerancia[i][0]}\")\n"]},{"cell_type":"markdown","metadata":{"id":"FVZ-e_5AnKIa"},"source":["## Punto D) Se resuelve una matriz con N = 32, R = 0.01, iterando con distintos w y generando las graficas n vs ⍵ y n vs ⍴(SOR)"]},{"cell_type":"code","execution_count":7,"metadata":{"colab":{"base_uri":"https://localhost:8080/","height":1000},"executionInfo":{"elapsed":2741,"status":"ok","timestamp":1696594749015,"user":{"displayName":"Lucas Gabriel Torres","userId":"16085414555698667044"},"user_tz":180},"id":"zvnU49rarV3o","outputId":"3d711268-7293-4d5e-ca85-4bbed0dc1cdf"},"outputs":[{"output_type":"stream","name":"stdout","text":["Se creó una matriz con 31x31 nodos (N-1)x(N-1)\n","La matriz final tiene dimensión 33x33\n","Se logró la convergencia luego de 44 iteraciones. | última tolerancia : 0.009803151513324618 | Δ = 0.00019684848667538175\n","w = 1.0\n","[[0.         1.         1.         ... 1.         1.         0.        ]\n"," [1.         0.98444382 0.96959617 ... 0.97131557 0.98563601 1.        ]\n"," [1.         0.96959617 0.94055616 ... 0.9438201  0.97186507 1.        ]\n"," ...\n"," [1.         0.97131557 0.9438201  ... 0.94735502 0.97367482 1.        ]\n"," [1.         0.98563601 0.97186507 ... 0.97367482 0.98683741 1.        ]\n"," [0.         1.         1.         ... 1.         1.         0.        ]]\n","Se logró la convergencia luego de 44 iteraciones. | última tolerancia : 0.009814546268297475 | Δ = 0.0001854537317025253\n","w = 1.05\n","[[0.         1.         1.         ... 1.         1.         0.        ]\n"," [1.         0.9858559  0.97232681 ... 0.97400998 0.98700033 1.        ]\n"," [1.         0.97232681 0.94583887 ... 0.94904721 0.97451229 1.        ]\n"," ...\n"," [1.         0.97400998 0.94904721 ... 0.95255233 0.97629953 1.        ]\n"," [1.         0.98700033 0.97451229 ... 0.97629953 0.98816237 1.        ]\n"," [0.         1.         1.         ... 1.         1.         0.        ]]\n","Se logró la convergencia luego de 44 iteraciones. | última tolerancia : 0.009830136048462598 | Δ = 0.00016986395153740196\n","w = 1.1\n","[[0.         1.         1.         ... 1.         1.         0.        ]\n"," [1.         0.98714405 0.97482299 ... 0.97647132 0.98824382 1.        ]\n"," [1.         0.97482299 0.95067799 ... 0.95383216 0.97693009 1.        ]\n"," ...\n"," [1.         0.97647132 0.95383216 ... 0.95732823 0.97870648 1.        ]\n"," [1.         0.98824382 0.97693009 ... 0.97870648 0.98937501 1.        ]\n"," [0.         1.         1.         ... 1.         1.         0.        ]]\n","Se logró la convergencia luego de 44 iteraciones. | última tolerancia : 0.009841481616114279 | Δ = 0.00015851838388572168\n","w = 1.15\n","[[0.         1.         1.         ... 1.         1.         0.        ]\n"," [1.         0.9883243  0.97711444 ... 0.9787315  0.98938336 1.        ]\n"," [1.         0.97711444 0.9551286  ... 0.95823479 0.97915012 1.        ]\n"," ...\n"," [1.         0.9787315  0.95823479 ... 0.96175435 0.98093321 1.        ]\n"," [1.         0.98938336 0.97915012 ... 0.98093321 0.99049492 1.        ]\n"," [0.         1.         1.         ... 1.         1.         0.        ]]\n","Se logró la convergencia luego de 44 iteraciones. | última tolerancia : 0.009836943330840568 | Δ = 0.0001630566691594327\n","w = 1.2\n","[[0.         1.         1.         ... 1.         1.         0.        ]\n"," [1.         0.9894101  0.97922618 ... 0.98081841 0.9904336  1.        ]\n"," [1.         0.97922618 0.95923725 ... 0.96230779 0.98120017 1.        ]\n"," ...\n"," [1.         0.98081841 0.96230779 ... 0.9658957  0.98301351 1.        ]\n"," [1.         0.9904336  0.98120017 ... 0.98301351 0.99153967 1.        ]\n"," [0.         1.         1.         ... 1.         1.         0.        ]]\n","Se logró la convergencia luego de 44 iteraciones. | última tolerancia : 0.009801941170213362 | Δ = 0.00019805882978663793\n","w = 1.25\n","[[0.         1.         1.         ... 1.         1.         0.        ]\n"," [1.         0.99041278 0.98117942 ... 0.98275701 0.99140765 1.        ]\n"," [1.         0.98117942 0.96304368 ... 0.96609881 0.98310527 1.        ]\n"," ...\n"," [1.         0.98275701 0.96609881 ... 0.96981046 0.98497747 1.        ]\n"," [1.         0.99140765 0.98310527 ... 0.98497747 0.99252476 1.        ]\n"," [0.         1.         1.         ... 1.         1.         0.        ]]\n","Se logró la convergencia luego de 43 iteraciones. | última tolerancia : 0.00996996912552235 | Δ = 3.003087447765035e-05\n","w = 1.3\n","[[0.         1.         1.         ... 1.         1.         0.        ]\n"," [1.         0.99113214 0.98258723 ... 0.98419728 0.99213241 1.        ]\n"," [1.         0.98258723 0.96579957 ... 0.96892783 0.98452901 1.        ]\n"," ...\n"," [1.         0.98419728 0.96892783 ... 0.97287789 0.98651838 1.        ]\n"," [1.         0.99213241 0.98452901 ... 0.98651838 0.99329867 1.        ]\n"," [0.         1.         1.         ... 1.         1.         0.        ]]\n","Se logró la convergencia luego de 43 iteraciones. | última tolerancia : 0.009832765334369907 | Δ = 0.0001672346656300932\n","w = 1.35\n","[[0.         1.         1.         ... 1.         1.         0.        ]\n"," [1.         0.99201661 0.98431436 ... 0.98593973 0.99300587 1.        ]\n"," [1.         0.98431436 0.9691736  ... 0.97234789 0.9862438  1.        ]\n"," ...\n"," [1.         0.98593973 0.97234789 ... 0.97653443 0.98834882 1.        ]\n"," [1.         0.99300587 0.9862438  ... 0.98834882 0.99421488 1.        ]\n"," [0.         1.         1.         ... 1.         1.         0.        ]]\n","Se logró la convergencia luego de 42 iteraciones. | última tolerancia : 0.009895482472228387 | Δ = 0.00010451752777161302\n","w = 1.4\n","[[0.         1.         1.         ... 1.         1.         0.        ]\n"," [1.         0.99266277 0.98558177 ... 0.98727122 0.99367465 1.        ]\n"," [1.         0.98558177 0.97166034 ... 0.97497352 0.98756284 1.        ]\n"," ...\n"," [1.         0.98727122 0.97497352 ... 0.97949384 0.98983197 1.        ]\n"," [1.         0.99367465 0.98756284 ... 0.98983197 0.99495807 1.        ]\n"," [0.         1.         1.         ... 1.         1.         0.        ]]\n","Se logró la convergencia luego de 41 iteraciones. | última tolerancia : 0.009890417350052085 | Δ = 0.00010958264994791536\n","w = 1.45\n","[[0.         1.         1.         ... 1.         1.         0.        ]\n"," [1.         0.99328524 0.98680374 ... 0.98857863 0.99433106 1.        ]\n"," [1.         0.98680374 0.97406012 ... 0.97755679 0.98886009 1.        ]\n"," ...\n"," [1.         0.98857863 0.97755679 ... 0.98243751 0.99130526 1.        ]\n"," [1.         0.99433106 0.98886009 ... 0.99130526 0.99569536 1.        ]\n"," [0.         1.         1.         ... 1.         1.         0.        ]]\n","Se logró la convergencia luego de 40 iteraciones. | última tolerancia : 0.009796978850527122 | Δ = 0.00020302114947287793\n","w = 1.5\n","[[0.         1.         1.         ... 1.         1.         0.        ]\n"," [1.         0.99388832 0.98798871 ... 0.98987659 0.99498267 1.        ]\n"," [1.         0.98798871 0.97638942 ... 0.98012707 0.99015072 1.        ]\n"," ...\n"," [1.         0.98987659 0.98012707 ... 0.98536265 0.99276694 1.        ]\n"," [1.         0.99498267 0.99015072 ... 0.99276694 0.99642567 1.        ]\n"," [0.         1.         1.         ... 1.         1.         0.        ]]\n","Se logró la convergencia luego de 38 iteraciones. | última tolerancia : 0.009970399421011038 | Δ = 2.9600578988962095e-05\n","w = 1.5499999999999998\n","[[0.         1.         1.         ... 1.         1.         0.        ]\n"," [1.         0.99431987 0.9888413  ... 0.99087925 0.99548824 1.        ]\n"," [1.         0.9888413  0.97807427 ... 0.98212425 0.99115787 1.        ]\n"," ...\n"," [1.         0.99087925 0.98212425 ... 0.98777883 0.99397521 1.        ]\n"," [1.         0.99548824 0.99115787 ... 0.99397521 0.99702979 1.        ]\n"," [0.         1.         1.         ... 1.         1.         0.        ]]\n","Se logró la convergencia luego de 37 iteraciones. | última tolerancia : 0.009651585496575991 | Δ = 0.0003484145034240091\n","w = 1.6\n","[[0.         1.         1.         ... 1.         1.         0.        ]\n"," [1.         0.99490677 0.98999551 ... 0.99221788 0.9961609  1.        ]\n"," [1.         0.98999551 0.98034576 ... 0.98478709 0.99249591 1.        ]\n"," ...\n"," [1.         0.99221788 0.98478709 ... 0.99064311 0.99540022 1.        ]\n"," [1.         0.9961609  0.99249591 ... 0.99540022 0.99773869 1.        ]\n"," [0.         1.         1.         ... 1.        